/*********************************************
 * OPL 12.8.0.0 Data
 * Author: evan
 * Creation Date: Mar 3, 2018 at 11:07:02 AM
 *********************************************/

/*
rows = 3;
cols = 13;
s = 3;
eps = 0.00000001;

Y = #[
1: [0, 1, 2, 0, 1, 1, 0, 0, 0, 0, 0, 1, 0],
2: [0, 0, 0, 1, 1, 1, 0, 2, 1, 0, 1, 0, 2],
3: [0, 0, 0, 1, 1, 0, 1, 0, 0, 2, 2, 1, 1]
]#;

M = #[
1: [1, -1, -1, 1, 0, 0, 0, 0, 0, 0, 0, 0, 0],
2: [0, 2, 0, -2, 0, 0, 0, -2, 0, 2, 0, 0, 0],
3: [0, 1, 0, -1, 0, 0, 0, 1, 0, -1, 0, 0, 0]
]#;

*/

rows = 6;
cols = 7;
s = 4;
eps = 0.333;

Y = #[
1: [0, 0, 0, 0, 0, 0, 0],
2: [0, 1, 2, 0, 0, 0, 0],
3: [0, 0, 0, 1, 2, 0, 0],
4: [0, 0, 0, 1, 0, 0, 0],
5: [0, 0, 0, 0, 0, 1, 0],
6: [0, 0, 0, 0, 0, 1, 2]
]#;

M = #[
1: [0, 0, 0, 0, 0, 0, 0],
2: [1, -1, -1, 2, 0, 0, 0],
3: [0, 1, 0, -1, -4, 0, 0],
4: [0, 1, 0, -3, 4, 0, 0],
5: [0, 0, 0, 0, 0, -1, 1],
6: [0, 0, 0, 0, 0, 1, -1],
]#;